Weights: [7.99569934e-02 1.12969104e-17 4.96555706e-02 3.32880588e-02
 2.46127451e-01 1.56131907e-01 7.01333283e-02 9.10106540e-02
 2.44454565e-01 2.92414719e-02]
VaR: 0.05088599624716079
CVaR: 0.07868837372069995